103_556_1702948992.1352415.jpg 1 11 87 85 81
10_1562_1702948959.031202.jpg 1 53 96 112 94
113_676_1702948995.8176234.jpg 1 20 43 71 87
114_743_1702948996.155312.jpg 1 20 40 68 90
122_1158_1702948998.82497.jpg 1 35 18 59 130
126_1223_1702949000.1430666.jpg 1 12 61 72 130
127_1286_1702949000.4784214.jpg 1 8 71 76 120
128_560_1702949000.8191407.jpg 2 0 0 0 0 13 95 77 110
129_591_1702949001.157418.jpg 1 14 95 80 102
12_1232_1702948959.7079158.jpg 1 67 65 119 98
130_1341_1702949001.4624863.jpg 1 8 84 72 103
131_978_1702949001.8000972.jpg 1 5 85 89 87
132_1969_1702949002.137445.jpg 1 16 100 92 97
133_2193_1702949002.475816.jpg 1 17 90 91 107
134_1616_1702949002.8115182.jpg 1 17 90 93 98
135_929_1702949003.1519098.jpg 1 27 71 70 123
136_561_1702949003.4882874.jpg 1 23 46 65 114
145_1098_1702949006.4676933.jpg 1 27 72 81 79
148_1294_1702949007.4828153.jpg 1 1 34 83 89
149_774_1702949007.8204865.jpg 1 2 37 82 86
14_1382_1702948960.3835368.jpg 1 74 47 103 129
150_1594_1702949008.1588628.jpg 1 22 34 68 118
151_1574_1702949008.4956234.jpg 1 26 50 67 125
152_2048_1702949008.8358443.jpg 1 28 50 65 125
153_1834_1702949009.1403894.jpg 1 28 56 61 119
154_1618_1702949009.4782183.jpg 1 34 56 55 119
155_817_1702949009.81666.jpg 1 26 25 67 138
156_921_1702949010.1546435.jpg 1 10 34 83 111
157_1399_1702949010.492611.jpg 1 8 34 85 112
158_1162_1702949010.8307874.jpg 1 8 32 81 114
159_1033_1702949011.1708534.jpg 1 14 32 75 98
160_569_1702949011.4755998.jpg 1 14 28 94 102
161_1382_1702949011.8115568.jpg 1 15 28 93 69
162_1439_1702949012.1512904.jpg 1 33 24 94 93
163_1013_1702949012.4901814.jpg 1 37 29 100 101
164_573_1702949012.8274117.jpg 1 37 41 94 105
165_1130_1702949013.1661587.jpg 1 12 58 99 111
168_1578_1702949014.144707.jpg 1 54 46 82 124
169_1139_1702949014.484478.jpg 1 48 60 88 110
170_1063_1702949014.8243434.jpg 1 48 60 67 129
171_1659_1702949015.1627214.jpg 1 37 55 86 103
175_1501_1702949016.4788804.jpg 1 29 60 91 119
176_1911_1702949016.8160315.jpg 1 30 56 90 123
179_2103_1702949017.8326702.jpg 1 30 56 97 96
17_1910_1702948961.363778.jpg 1 77 55 105 99
181_846_1702949018.50825.jpg 1 29 38 89 124
182_1271_1702949018.812132.jpg 1 33 37 85 125
183_1287_1702949019.1495473.jpg 1 33 37 93 137
184_1443_1702949019.489546.jpg 1 34 39 92 135
185_1636_1702949019.8275645.jpg 1 34 39 92 145
186_1224_1702949020.165684.jpg 1 53 30 73 154
187_1273_1702949020.8084416.jpg 1 43 17 85 134
188_2092_1702949021.1458068.jpg 1 59 11 82 139
192_1244_1702949022.46475.jpg 1 58 42 67 127
193_827_1702949022.8025193.jpg 1 57 42 68 122
195_1422_1702949023.4779096.jpg 1 51 74 82 113
196_1698_1702949023.8148384.jpg 1 34 49 96 128
197_1350_1702949024.1198347.jpg 1 24 44 98 128
198_811_1702949024.4572227.jpg 1 31 64 100 130
199_1084_1702949024.795039.jpg 1 44 73 102 115
19_1404_1702948962.0401425.jpg 1 73 66 118 96
200_1183_1702949025.131584.jpg 1 35 85 111 104
201_1155_1702949025.470738.jpg 1 31 111 125 80
202_1528_1702949025.8083866.jpg 1 50 120 125 88
203_1615_1702949026.1463852.jpg 1 77 115 101 106
204_1824_1702949026.4841883.jpg 1 90 101 89 104
205_698_1702949026.786572.jpg 1 79 81 106 101
206_1030_1702949027.126165.jpg 1 75 50 109 116
20_1746_1702948962.3792353.jpg 1 89 48 94 106
211_1054_1702949028.8188443.jpg 1 89 51 60 133
213_906_1702949029.4610014.jpg 1 69 91 75 105
219_1274_1702949031.7981308.jpg 1 86 117 78 114
21_1343_1702948962.718891.jpg 1 91 61 112 76
220_1645_1702949032.1293626.jpg 1 96 103 56 133
221_1553_1702949032.469184.jpg 1 94 99 58 137
222_1266_1702949032.804739.jpg 1 94 99 55 130
223_1274_1702949033.1444912.jpg 1 102 89 47 140
227_1791_1702949034.466922.jpg 1 102 89 65 148
22_1255_1702948963.056257.jpg 1 101 65 109 97
236_2119_1702949038.0802588.jpg 1 88 72 80 107
237_2186_1702949038.4181774.jpg 1 80 76 95 107
238_1602_1702949038.7562845.jpg 1 64 73 94 106
239_2168_1702949039.0915196.jpg 1 59 84 101 93
23_1222_1702948963.3618662.jpg 1 94 73 117 87
240_1293_1702949039.4307725.jpg 1 66 76 86 104
241_1064_1702949039.7382648.jpg 1 57 104 98 72
24_1577_1702948963.6996617.jpg 1 88 74 112 87
250_1387_1702949042.7496336.jpg 1 61 77 102 81
257_760_1702949045.084505.jpg 1 72 63 70 124
259_1514_1702949045.7586694.jpg 1 79 29 69 131
261_1249_1702949046.438204.jpg 1 87 67 74 117
262_1015_1702949046.7422698.jpg 1 76 72 85 112
265_1277_1702949047.7551265.jpg 1 76 72 117 116
267_1383_1702949048.432144.jpg 1 85 92 115 114
268_1955_1702949048.769771.jpg 1 92 80 108 111
26_1390_1702948964.3756063.jpg 1 77 68 95 115
272_1306_1702949050.0863342.jpg 1 116 52 83 122
273_1108_1702949050.4270723.jpg 1 117 38 65 142
274_821_1702949050.7617838.jpg 1 111 51 64 150
275_1275_1702949051.1027784.jpg 1 83 63 84 139
276_734_1702949051.4404426.jpg 1 48 97 96 97
277_875_1702949051.7508814.jpg 1 27 78 121 79
278_775_1702949052.083256.jpg 1 37 75 121 95
279_1415_1702949052.4216073.jpg 1 51 60 115 112
27_1710_1702948964.7145875.jpg 1 71 63 87 129
280_2001_1702949052.7598264.jpg 1 59 60 106 118
281_2393_1702949053.0970147.jpg 1 51 59 109 109
282_1513_1702949053.4376223.jpg 1 41 49 120 117
283_1636_1702949053.775342.jpg 1 55 47 109 119
284_1209_1702949054.1115892.jpg 1 53 55 118 116
285_2384_1702949054.4164422.jpg 1 54 49 115 107
286_2006_1702949054.7548516.jpg 1 56 45 114 111
287_2240_1702949055.0926704.jpg 1 57 41 118 117
28_1705_1702948965.0522938.jpg 1 69 84 83 114
290_1064_1702949056.1048608.jpg 1 60 95 103 98
291_1081_1702949056.444242.jpg 1 74 96 93 115
292_1512_1702949056.7819612.jpg 1 64 40 85 141
294_892_1702949057.4245093.jpg 1 72 49 80 131
297_2355_1702949058.4391036.jpg 1 67 83 100 133
299_1660_1702949059.1163945.jpg 1 76 68 98 108
29_957_1702948965.3908956.jpg 1 54 80 97 122
301_2093_1702949059.757411.jpg 1 75 69 127 115
302_1523_1702949060.096637.jpg 1 70 63 127 112
308_927_1702949062.0915213.jpg 1 86 47 90 162
309_2006_1702949062.4276092.jpg 1 77 43 83 159
30_1693_1702948965.695232.jpg 1 45 62 92 130
315_1326_1702949064.4563105.jpg 1 66 46 85 142
316_944_1702949064.7612019.jpg 1 57 47 86 141
317_760_1702949065.0991206.jpg 1 56 32 86 145
318_1179_1702949065.436479.jpg 1 50 37 92 140
319_1289_1702949065.7732425.jpg 1 50 37 100 136
320_877_1702949066.1127498.jpg 1 53 64 97 109
321_1707_1702949066.450182.jpg 1 53 64 115 113
322_1386_1702949066.7880049.jpg 1 59 76 109 101
325_1572_1702949067.7702613.jpg 1 138 62 23 83
326_1517_1702949068.107901.jpg 2 0 0 0 0 53 66 109 97
327_2358_1702949068.4454486.jpg 1 55 66 107 98
328_1701_1702949068.7830904.jpg 1 77 75 97 103
329_1689_1702949069.1216993.jpg 1 76 75 103 109
330_1650_1702949069.4569168.jpg 1 65 61 116 102
331_2606_1702949069.8969972.jpg 1 66 72 122 90
334_1303_1702949070.8759308.jpg 1 73 76 102 111
336_1439_1702949071.5522368.jpg 1 70 62 105 90
337_1886_1702949071.88993.jpg 1 61 59 107 105
338_1595_1702949072.2279088.jpg 1 60 38 103 142
340_2027_1702949072.8712955.jpg 1 68 68 83 131
341_1669_1702949073.2113547.jpg 1 73 61 85 130
342_1734_1702949073.54843.jpg 1 74 59 112 131
343_1437_1702949073.887111.jpg 1 104 77 98 124
345_970_1702949074.563946.jpg 1 82 36 111 105
347_1409_1702949075.3084202.jpg 1 76 22 95 108
349_1476_1702949075.9817886.jpg 1 41 48 113 144
350_1926_1702949076.320096.jpg 1 72 75 97 145
354_1205_1702949077.640325.jpg 1 76 57 108 132
37_1115_1702948968.0290473.jpg 1 15 76 94 110
38_1556_1702948968.3670032.jpg 1 14 61 87 120
3_1183_1702948956.6983783.jpg 1 78 10 129 130
40_1460_1702948969.0431554.jpg 1 42 51 86 109
41_1495_1702948969.3814714.jpg 1 43 41 100 114
42_1505_1702948969.7196686.jpg 1 52 53 107 100
43_1416_1702948970.0575202.jpg 1 50 48 115 104
44_995_1702948970.3950088.jpg 1 58 60 121 83
45_1241_1702948970.699865.jpg 1 64 34 97 115
46_1834_1702948971.0372403.jpg 1 64 41 87 110
50_1663_1702948972.591823.jpg 1 70 54 90 119
53_1078_1702948973.569133.jpg 1 59 51 79 112
54_1364_1702948973.9109435.jpg 1 61 49 80 125
55_1327_1702948974.2486687.jpg 1 56 50 79 127
56_907_1702948974.587864.jpg 1 53 48 90 112
57_613_1702948974.9250958.jpg 1 69 59 98 120
64_860_1702948977.2594624.jpg 1 90 60 92 110
65_989_1702948977.595201.jpg 1 81 77 99 107
66_856_1702948977.934988.jpg 1 90 92 93 94
67_872_1702948978.2702572.jpg 1 79 104 104 84
68_694_1702948978.5759172.jpg 1 72 117 100 83
70_1226_1702948979.2528226.jpg 1 79 125 92 76
71_1309_1702948979.5901573.jpg 1 79 114 95 81
72_1004_1702948979.9309502.jpg 1 79 114 93 77
73_997_1702948980.2682726.jpg 1 149 114 23 87
74_1388_1702948980.6069946.jpg 1 70 90 79 111
75_1070_1702948980.9089186.jpg 1 75 86 61 113
82_713_1702948983.9178202.jpg 1 93 71 65 131
83_1198_1702948984.2562134.jpg 1 91 86 68 114
84_1284_1702948984.5930915.jpg 1 94 90 62 117
87_1159_1702948985.6071165.jpg 1 93 50 60 125
88_1135_1702948985.944379.jpg 1 96 43 62 120
89_470_1702948986.24843.jpg 1 102 31 58 128
8_1821_1702948958.3517208.jpg 1 64 65 136 114
91_992_1702948986.9254162.jpg 1 88 36 64 138
