115_303_1702944705.4409184.jpg 1 149 86 78 69
121_487_1702944710.4227278.jpg 1 157 76 70 62
122_436_1702944710.758851.jpg 1 157 76 74 67
127_506_1702944713.1220264.jpg 1 155 78 63 62
130_674_1702944714.1054878.jpg 1 152 74 63 96
133_791_1702944715.1118555.jpg 1 148 80 79 90
136_548_1702944716.0969222.jpg 1 153 100 42 100
139_463_1702944717.11102.jpg 1 109 86 66 62
142_488_1702944718.1251862.jpg 1 111 90 64 57
143_503_1702944718.4618216.jpg 1 111 85 65 70
176_253_1702944734.1280413.jpg 1 129 94 58 102
177_350_1702944734.4671898.jpg 1 115 82 71 96
181_523_1702944737.4660149.jpg 1 67 82 42 92
184_330_1702944738.785905.jpg 1 99 107 63 72
185_408_1702944739.1250286.jpg 1 100 106 61 70
189_348_1702944740.4740174.jpg 1 99 62 41 93
190_299_1702944740.8074496.jpg 1 91 71 45 87
192_547_1702944742.129795.jpg 1 95 46 78 82
193_475_1702944742.4679859.jpg 1 96 60 71 81
194_526_1702944742.8063955.jpg 1 101 62 62 80
195_559_1702944743.4799001.jpg 1 81 103 76 66
200_468_1702944745.1344914.jpg 1 77 114 66 74
203_408_1702944746.4916477.jpg 1 78 133 38 86
205_312_1702944747.1341393.jpg 1 73 122 43 84
206_552_1702944747.8049145.jpg 1 71 119 44 79
209_288_1702944749.1551137.jpg 1 95 78 45 99
242_843_1702944761.2094605.jpg 1 165 95 62 94
245_639_1702944762.2281203.jpg 1 169 110 62 80
246_580_1702944762.5639627.jpg 1 166 118 68 68
248_563_1702944763.2365212.jpg 1 178 94 49 88
249_721_1702944763.5740669.jpg 1 165 95 67 89
251_690_1702944764.554439.jpg 1 186 50 45 102
252_511_1702944764.8931139.jpg 1 175 51 58 111
254_669_1702944765.566138.jpg 1 143 45 76 94
258_714_1702944766.8848767.jpg 1 147 38 74 93
284_482_1702944775.909753.jpg 1 10 101 70 69
288_336_1702944777.5669153.jpg 1 25 109 55 83
291_346_1702944778.578391.jpg 1 52 93 59 85
292_651_1702944778.9143045.jpg 1 46 99 66 79
296_593_1702944780.2347987.jpg 1 27 77 53 92
301_357_1702944784.5641768.jpg 1 63 80 53 74
302_369_1702944785.237683.jpg 1 61 97 58 63
321_372_1702944792.2596245.jpg 1 75 17 40 84
322_379_1702944792.600083.jpg 1 72 28 48 78
323_389_1702944792.9382188.jpg 1 75 30 43 77
329_588_1702944794.9316642.jpg 1 22 30 62 75
330_410_1702944795.2707572.jpg 1 16 5 55 75
332_309_1702944795.9124577.jpg 1 22 14 66 77
344_622_1702944799.9268012.jpg 1 18 54 60 73
345_385_1702944800.26773.jpg 1 12 45 70 89
347_630_1702944800.940545.jpg 1 24 66 51 93
348_388_1702944801.2773006.jpg 1 26 60 56 95
349_591_1702944801.5829656.jpg 1 25 71 50 88
352_560_1702944802.5947592.jpg 1 56 93 64 81
353_669_1702944802.9316905.jpg 1 47 105 72 78
356_517_1702944803.9463522.jpg 1 68 132 74 70
357_532_1702944804.2829032.jpg 1 75 143 65 52
359_602_1702944805.2649875.jpg 1 95 70 45 93
360_377_1702944805.6021435.jpg 1 86 70 47 91
362_410_1702944806.2755263.jpg 1 86 82 65 55
365_456_1702944807.5993466.jpg 1 101 112 42 83
369_340_1702944809.720805.jpg 1 147 99 55 62
370_535_1702944810.0614467.jpg 1 143 99 58 61
376_374_1702944812.0862784.jpg 1 120 63 39 84
379_653_1702944813.4017804.jpg 1 84 98 67 68
380_472_1702944813.7418115.jpg 1 91 86 63 76
383_714_1702944814.7568362.jpg 1 67 112 67 66
384_699_1702944815.060972.jpg 1 69 106 62 69
389_551_1702944816.7452078.jpg 1 71 90 47 79
390_311_1702944817.41831.jpg 1 110 68 60 60
391_293_1702944817.7551627.jpg 1 109 85 65 54
394_420_1702944819.03665.jpg 1 92 43 63 79
395_449_1702944819.712836.jpg 1 116 74 39 80
396_429_1702944820.0478249.jpg 1 118 76 40 79
397_427_1702944820.3851073.jpg 1 119 72 36 78
399_589_1702944821.0602665.jpg 1 95 85 40 69
400_379_1702944821.3937652.jpg 1 94 89 39 64
402_563_1702944822.039328.jpg 1 109 100 50 55
403_441_1702944822.3747387.jpg 1 104 108 53 54
406_513_1702944823.3918226.jpg 1 51 122 60 44
407_439_1702944823.7281206.jpg 1 51 116 57 49
410_526_1702944824.9090798.jpg 1 95 79 48 83
411_325_1702944825.587288.jpg 1 90 102 58 77
412_537_1702944825.9224648.jpg 1 86 114 61 68
413_406_1702944826.260149.jpg 1 100 114 62 72
414_765_1702944827.2723176.jpg 1 120 98 66 88
416_556_1702944828.24496.jpg 1 135 63 74 91
417_652_1702944828.5837932.jpg 1 131 65 74 89
423_460_1702944830.6045318.jpg 1 87 86 69 60
426_532_1702944831.5846062.jpg 1 96 76 60 88
427_572_1702944832.5962934.jpg 1 136 89 40 89
428_513_1702944832.9359684.jpg 1 126 92 53 90
431_448_1702944833.913601.jpg 1 139 100 63 77
432_296_1702944834.2494388.jpg 1 133 94 66 75
435_476_1702944835.6043277.jpg 1 111 100 66 62
437_639_1702944836.5829077.jpg 1 116 100 63 59
438_475_1702944836.9250877.jpg 1 120 89 59 61
440_403_1702944837.6016407.jpg 1 126 97 62 84
441_742_1702944837.9375463.jpg 1 127 106 56 74
444_709_1702944838.949874.jpg 1 139 69 60 87
448_692_1702944840.26503.jpg 1 144 62 48 95
449_585_1702944840.6073892.jpg 1 140 64 49 96
452_397_1702944842.7372553.jpg 1 127 78 54 92
455_464_1702944843.7514462.jpg 1 111 70 50 83
456_460_1702944844.0882173.jpg 1 113 77 47 74
457_492_1702944844.390546.jpg 1 111 73 48 81
458_777_1702944845.0640256.jpg 1 148 62 64 92
459_600_1702944845.4027338.jpg 1 134 75 70 87
462_635_1702944846.4175615.jpg 1 144 82 68 80
463_642_1702944846.7569818.jpg 1 147 78 64 84
466_323_1702944847.7329967.jpg 1 145 100 55 78
468_522_1702944848.4059036.jpg 1 162 106 47 90
470_497_1702944849.0827582.jpg 1 163 108 44 89
472_990_1702944849.759811.jpg 1 163 97 67 94
476_748_1702944851.0759988.jpg 1 143 146 64 65
479_501_1702944852.088043.jpg 5 187 114 50 86 187 114 50 86 187 114 50 86 187 114 50 86 187 114 50 86
480_686_1702944852.4275837.jpg 1 186 118 53 86
483_781_1702944853.407669.jpg 1 167 30 73 90
484_876_1702944853.7460964.jpg 1 171 32 68 88
486_682_1702944854.4214604.jpg 1 181 35 53 91
487_754_1702944854.759832.jpg 1 183 38 53 90
491_1043_1702944856.075843.jpg 1 201 60 48 102
496_863_1702944857.8658402.jpg 1 179 86 68 75
497_795_1702944858.1725454.jpg 1 183 83 65 78
498_647_1702944858.507552.jpg 1 186 89 64 74
499_816_1702944859.1828.jpg 1 166 98 65 71
500_656_1702944859.5225759.jpg 1 167 101 64 65
502_676_1702944860.1953757.jpg 1 135 103 69 68
503_572_1702944860.534202.jpg 1 127 110 69 59
506_631_1702944861.5101864.jpg 1 74 85 71 65
509_414_1702944862.524788.jpg 1 43 69 61 69
513_609_1702944863.848114.jpg 1 8 81 65 65
516_764_1702944865.1935532.jpg 1 22 101 70 83
518_396_1702944866.20937.jpg 1 40 74 69 60
521_258_1702944867.1861079.jpg 1 34 58 73 88
522_594_1702944867.5239282.jpg 1 25 89 75 77
523_383_1702944867.859943.jpg 1 35 80 72 88
542_523_1702944874.3151557.jpg 1 23 40 56 102
544_536_1702944874.9589312.jpg 1 19 70 62 100
546_721_1702944875.63623.jpg 1 25 82 55 93
548_706_1702944876.3099942.jpg 1 39 91 67 79
549_686_1702944876.6503553.jpg 1 31 94 75 80
552_472_1702944877.627056.jpg 1 79 107 60 79
553_518_1702944877.965693.jpg 1 83 117 57 77
556_563_1702944878.9747293.jpg 1 111 66 69 89
557_742_1702944879.3127363.jpg 1 105 74 72 84
559_777_1702944879.9867218.jpg 1 136 102 63 92
560_873_1702944880.2939894.jpg 1 145 111 55 79
565_620_1702944881.9814367.jpg 1 174 94 65 66