102_772_1702945695.9850495.jpg 2 0 0 0 0 92 101 79 69
103_760_1702945696.3217876.jpg 1 91 94 89 75
107_518_1702945697.6353543.jpg 1 103 103 72 42
113_529_1702945699.626251.jpg 1 93 88 78 66
114_682_1702945699.9618742.jpg 1 91 78 68 79
115_775_1702945700.2974172.jpg 1 99 84 54 74
121_270_1702945702.3200326.jpg 1 117 77 30 89
124_670_1702945704.3131917.jpg 1 81 76 58 74
125_507_1702945704.6531446.jpg 1 91 78 56 75
126_573_1702945704.9907992.jpg 1 93 88 62 77
127_581_1702945705.3268237.jpg 1 98 73 64 74
129_566_1702945705.965707.jpg 1 111 66 51 75
130_586_1702945706.3026419.jpg 1 107 49 54 80
131_553_1702945706.6382804.jpg 1 113 57 51 77
132_384_1702945707.3150094.jpg 1 115 61 40 94
134_409_1702945708.324511.jpg 1 81 82 34 92
135_625_1702945708.6609948.jpg 1 66 80 35 87
136_643_1702945708.998478.jpg 1 55 74 35 95
137_561_1702945709.3338966.jpg 1 60 78 31 90
138_394_1702945709.9722335.jpg 1 85 66 36 96
139_419_1702945710.312315.jpg 1 87 64 30 90
140_339_1702945710.6488526.jpg 1 87 68 36 86
141_295_1702945710.988668.jpg 1 84 77 43 82
142_525_1702945711.3224084.jpg 1 89 94 49 80
143_478_1702945711.6607835.jpg 1 90 95 49 76
144_536_1702945711.997476.jpg 1 77 84 59 82
145_636_1702945712.3380458.jpg 1 83 93 55 81
146_394_1702945712.6406329.jpg 1 87 99 59 75
147_567_1702945713.281105.jpg 1 87 119 52 73
148_743_1702945713.617601.jpg 1 83 106 53 74
149_626_1702945713.9595492.jpg 1 93 111 62 65
152_395_1702945714.967544.jpg 1 88 73 71 104
153_626_1702945715.3082879.jpg 1 99 88 53 89
154_524_1702945715.6224153.jpg 1 96 87 60 90
156_333_1702945716.2826521.jpg 1 103 86 40 100
157_317_1702945716.6201413.jpg 1 107 75 34 115
158_446_1702945716.9577935.jpg 1 101 64 30 113
159_351_1702945717.2966268.jpg 1 106 57 31 120
160_606_1702945717.9690065.jpg 1 103 58 48 104
161_828_1702945718.3064337.jpg 1 97 57 51 93
162_928_1702945718.6119566.jpg 1 90 60 65 94
163_873_1702945718.9480898.jpg 1 95 56 50 88
164_700_1702945719.2885818.jpg 1 100 57 47 86
165_582_1702945719.6243026.jpg 1 99 61 48 88
166_711_1702945719.9620395.jpg 1 109 57 42 95
167_761_1702945720.2976813.jpg 1 106 80 63 75
168_426_1702945720.6339328.jpg 1 92 88 88 56
169_963_1702945720.9730976.jpg 1 107 89 68 51
170_590_1702945721.3097012.jpg 1 95 84 80 73
188_594_1702945727.2939427.jpg 1 55 46 36 108
189_547_1702945727.628976.jpg 1 55 63 44 103
190_527_1702945727.964065.jpg 1 58 65 51 97
191_378_1702945728.305178.jpg 1 55 76 59 94
192_524_1702945728.6430404.jpg 1 51 101 65 87
193_773_1702945728.9799929.jpg 1 58 104 64 97
194_600_1702945729.3152459.jpg 1 65 98 60 95
195_523_1702945729.653104.jpg 1 70 78 58 100
196_345_1702945729.9658933.jpg 1 66 78 59 100
197_349_1702945730.295339.jpg 1 68 83 47 99
198_311_1702945730.9707823.jpg 1 69 83 35 107
199_267_1702945731.6452508.jpg 1 74 66 29 109
205_369_1702945734.310502.jpg 1 96 96 73 42
215_510_1702945738.9682117.jpg 1 169 130 81 55
216_583_1702945739.3085413.jpg 1 161 121 81 55
217_530_1702945739.6483395.jpg 1 156 128 83 54
218_337_1702945739.9886322.jpg 1 158 127 70 51
219_706_1702945740.3268034.jpg 1 157 128 74 47
220_416_1702945740.661192.jpg 1 158 122 75 49
221_532_1702945740.9681773.jpg 1 160 117 75 49
222_418_1702945741.3052998.jpg 1 160 120 77 61
223_593_1702945741.6444016.jpg 1 154 124 73 75
224_487_1702945741.9816658.jpg 1 143 117 84 75
225_401_1702945742.3192408.jpg 1 144 115 88 83
226_309_1702945742.9941328.jpg 1 127 145 97 97
227_476_1702945743.3305743.jpg 1 149 136 68 102
228_455_1702945743.6678998.jpg 1 144 121 76 107
229_918_1702945743.9740207.jpg 1 150 122 72 88
230_624_1702945744.312272.jpg 1 152 108 77 78
231_485_1702945744.6470098.jpg 1 147 108 85 74
232_410_1702945744.9876199.jpg 1 156 109 80 66
233_306_1702945745.3240454.jpg 1 164 104 80 46
234_422_1702945745.6627798.jpg 1 161 94 86 49
235_475_1702945745.9980354.jpg 1 158 89 93 56
236_487_1702945746.3359814.jpg 1 165 77 83 58
239_899_1702945747.3167224.jpg 1 143 14 87 84
240_382_1702945747.6574392.jpg 1 155 12 74 96
242_730_1702945748.335273.jpg 1 171 10 67 122
243_726_1702945748.6735861.jpg 1 184 8 45 126
244_679_1702945748.978357.jpg 1 169 3 66 116
245_727_1702945749.3129263.jpg 1 168 10 60 113
246_535_1702945749.649841.jpg 1 162 8 63 120
247_351_1702945749.986613.jpg 1 180 10 61 140
251_383_1702945751.9460692.jpg 1 141 134 82 44
256_515_1702945755.62465.jpg 1 107 116 64 43
257_566_1702945755.9622009.jpg 1 112 111 65 45
258_561_1702945756.3041646.jpg 1 115 110 63 44
259_282_1702945756.6399627.jpg 1 113 99 70 47
260_473_1702945756.9760635.jpg 1 111 78 68 54
261_355_1702945757.3089411.jpg 1 115 77 71 57
262_291_1702945757.647031.jpg 1 123 75 72 61
266_666_1702945759.6429393.jpg 1 67 102 86 105
267_371_1702945759.983394.jpg 1 93 90 69 107
274_539_1702945762.6466355.jpg 1 87 59 31 119
275_522_1702945762.9914868.jpg 1 73 54 40 105
276_415_1702945763.2915914.jpg 1 70 66 41 102
277_481_1702945763.6287825.jpg 1 64 93 60 92
278_287_1702945764.3036778.jpg 1 99 78 68 102
279_552_1702945764.6416647.jpg 1 99 76 73 90
27_582_1702945664.752166.jpg 1 145 46 34 107
280_694_1702945764.9805622.jpg 1 99 74 80 78
281_257_1702945765.3189518.jpg 1 103 69 76 64
282_551_1702945765.9609165.jpg 1 96 77 87 49
283_508_1702945766.2997549.jpg 1 101 82 93 54
284_754_1702945766.6381032.jpg 1 110 75 97 75
285_867_1702945766.976655.jpg 1 108 62 83 79
286_950_1702945767.4180284.jpg 1 105 47 87 88
287_353_1702945767.7555509.jpg 1 104 70 88 85
294_415_1702945771.7365913.jpg 1 91 89 76 66
295_700_1702945772.07057.jpg 1 103 86 66 84
311_510_1702945777.7542212.jpg 1 112 48 37 130
312_396_1702945778.092277.jpg 1 111 44 39 122
31_408_1702945667.7282605.jpg 1 149 63 42 98
32_623_1702945668.0642083.jpg 1 147 65 44 96
33_468_1702945668.401841.jpg 1 150 67 41 95
34_483_1702945668.737206.jpg 1 154 63 34 99
35_518_1702945669.0733142.jpg 1 159 62 28 104
36_551_1702945669.5138361.jpg 1 152 65 39 101
37_463_1702945669.8469603.jpg 1 151 75 41 101
38_531_1702945670.187165.jpg 1 143 78 50 100
46_626_1702945672.8552508.jpg 1 103 100 84 62
48_476_1702945673.5000014.jpg 1 106 106 77 68
49_471_1702945673.8417928.jpg 1 107 118 76 53
51_508_1702945674.514899.jpg 1 104 117 71 52
52_426_1702945674.8529258.jpg 1 108 118 67 41
53_410_1702945675.1910553.jpg 1 105 117 66 51
55_496_1702945675.8681657.jpg 1 106 130 72 44
56_348_1702945676.171797.jpg 1 105 128 78 42
57_359_1702945676.5078974.jpg 1 101 117 80 45
75_448_1702945684.973395.jpg 1 126 70 36 98
76_535_1702945685.6117284.jpg 1 134 83 33 95
77_390_1702945685.9516773.jpg 1 139 75 35 95
78_429_1702945686.6267414.jpg 1 135 78 30 85
85_335_1702945690.3047004.jpg 1 139 83 28 83
86_354_1702945690.6442206.jpg 1 125 74 35 90
91_459_1702945692.3012502.jpg 1 122 71 33 91
92_515_1702945692.6365883.jpg 1 118 61 38 113
98_724_1702945694.6317563.jpg 1 101 78 64 92
99_826_1702945694.9671507.jpg 1 87 86 72 76