100_558_1702947090.7510285.jpg 1 35 35 110 155
104_763_1702947092.1030972.jpg 2 0 0 0 0 40 40 100 140
105_593_1702947092.4443076.jpg 1 35 45 95 145
106_814_1702947092.7496614.jpg 1 35 30 105 150
107_826_1702947093.0876615.jpg 1 50 35 115 145
108_692_1702947093.4254088.jpg 1 65 35 100 145
109_839_1702947093.7641623.jpg 1 45 10 130 145
10_780_1702947058.9606345.jpg 1 85 25 110 165
110_609_1702947094.101217.jpg 1 50 45 115 130
113_1275_1702947095.082674.jpg 1 65 60 115 100
114_954_1702947095.4202673.jpg 1 65 70 110 100
115_992_1702947095.7606313.jpg 1 60 75 115 95
11_873_1702947059.3005242.jpg 1 75 25 110 150
125_743_1702947099.4475164.jpg 1 85 85 110 90
126_818_1702947099.7506945.jpg 1 85 85 100 85
127_853_1702947100.0908031.jpg 1 65 70 110 115
12_713_1702947059.638352.jpg 1 80 30 105 140
138_736_1702947104.1121268.jpg 1 85 35 105 135
139_517_1702947104.4529183.jpg 1 70 35 120 150
13_718_1702947059.9755893.jpg 1 80 15 105 160
140_558_1702947104.7903378.jpg 1 80 40 100 140
141_581_1702947105.0943065.jpg 1 65 45 110 135
142_485_1702947105.431802.jpg 1 70 40 100 125
143_658_1702947105.7698758.jpg 1 45 60 120 120
144_666_1702947106.1077683.jpg 1 55 55 110 135
145_598_1702947106.4467995.jpg 1 55 40 110 145
14_830_1702947060.2780871.jpg 1 75 10 105 165
152_522_1702947108.7776856.jpg 1 60 80 95 90
156_825_1702947110.096623.jpg 1 55 40 95 145
159_1065_1702947111.5162501.jpg 1 30 45 95 155
15_572_1702947060.6179469.jpg 1 80 25 80 140
160_780_1702947111.853735.jpg 1 40 30 100 140
163_723_1702947112.8327348.jpg 1 30 35 95 135
164_371_1702947113.1732316.jpg 1 45 10 80 160
168_507_1702947114.864566.jpg 1 45 105 110 100
16_634_1702947060.9556983.jpg 1 80 20 90 150
175_1212_1702947117.1961217.jpg 1 50 70 95 145
177_812_1702947117.8377385.jpg 1 65 55 100 145
178_982_1702947118.1775458.jpg 1 65 50 95 145
179_694_1702947118.8198614.jpg 1 65 70 100 130
17_708_1702947061.2924888.jpg 1 75 25 85 145
180_663_1702947119.1594324.jpg 1 45 95 110 115
181_465_1702947119.499137.jpg 1 45 95 120 110
182_813_1702947119.8382108.jpg 1 45 60 125 135
183_694_1702947120.1408825.jpg 1 55 50 115 135
186_921_1702947121.1566648.jpg 1 60 75 130 110
187_443_1702947121.4944108.jpg 1 55 60 130 115
188_781_1702947121.8302977.jpg 1 70 90 110 110
189_371_1702947122.1705973.jpg 1 50 90 135 105
18_569_1702947061.6327918.jpg 1 70 25 115 170
190_755_1702947122.475533.jpg 1 45 75 135 140
192_663_1702947123.152571.jpg 1 35 45 135 170
193_727_1702947123.4915364.jpg 1 40 50 135 155
195_445_1702947124.1666796.jpg 1 45 60 130 145
19_512_1702947061.9701412.jpg 1 75 25 100 165
1_647_1702947055.9495358.jpg 1 75 25 125 140
203_637_1702947126.834676.jpg 1 55 5 130 160
206_1031_1702947128.1545286.jpg 1 90 0 130 155
208_577_1702947128.8304513.jpg 1 65 45 145 160
20_758_1702947062.3080497.jpg 1 70 25 120 170
210_438_1702947129.5082123.jpg 1 80 50 125 150
211_516_1702947134.5176969.jpg 1 100 65 100 160
213_400_1702947135.1605906.jpg 1 90 30 90 160
218_517_1702947137.3617458.jpg 1 100 30 75 150
21_916_1702947062.647421.jpg 1 75 35 115 150
221_610_1702947138.3746803.jpg 1 65 40 145 140
223_500_1702947139.389024.jpg 1 55 5 135 155
224_466_1702947139.6929755.jpg 1 55 20 140 140
225_707_1702947140.031071.jpg 1 45 10 155 165
228_519_1702947141.7204275.jpg 1 55 15 145 140
229_684_1702947142.0586371.jpg 1 50 0 150 150
22_882_1702947062.9493985.jpg 1 80 40 110 155
230_731_1702947142.3642445.jpg 1 60 10 125 155
232_502_1702947143.0385787.jpg 1 40 35 145 180
23_705_1702947063.2917938.jpg 1 90 35 100 150
24_799_1702947063.6281912.jpg 1 85 25 105 170
256_792_1702947153.7866518.jpg 1 60 75 110 175
25_680_1702947063.9653022.jpg 1 90 15 105 160
262_687_1702947156.119747.jpg 1 45 50 140 140
26_686_1702947064.3064737.jpg 1 90 30 105 150
27_435_1702947064.6431882.jpg 1 80 20 120 145
28_632_1702947064.9808059.jpg 1 95 30 120 160
29_697_1702947065.2846582.jpg 1 75 25 150 160
2_818_1702947056.285454.jpg 1 75 40 125 120
30_764_1702947065.6204865.jpg 1 75 55 155 125
31_748_1702947065.960247.jpg 1 70 55 155 125
32_733_1702947066.2984476.jpg 1 80 50 120 140
33_699_1702947066.6358268.jpg 1 65 50 135 135
34_718_1702947066.972272.jpg 1 65 60 135 130
35_729_1702947067.312474.jpg 1 75 65 115 105
36_372_1702947067.9541326.jpg 1 60 75 130 120
37_537_1702947068.2934945.jpg 1 55 65 135 135
38_551_1702947068.631382.jpg 1 50 75 135 130
39_636_1702947068.9698832.jpg 1 55 80 130 140
3_673_1702947056.6266305.jpg 1 65 35 145 120
40_656_1702947069.3094175.jpg 1 70 70 120 140
41_963_1702947069.6472964.jpg 1 65 70 135 150
42_946_1702947069.9847536.jpg 1 70 70 135 140
43_919_1702947070.2908113.jpg 1 65 60 130 150
44_731_1702947070.6283898.jpg 1 80 50 120 175
45_630_1702947070.9666047.jpg 1 70 60 125 170
46_435_1702947071.3047655.jpg 1 70 70 125 150
4_819_1702947056.9654891.jpg 1 65 40 145 110
50_595_1702947072.6305966.jpg 1 80 45 100 175
54_500_1702947073.9766638.jpg 1 80 35 105 165
55_749_1702947074.3151696.jpg 1 65 10 125 155
56_883_1702947074.653993.jpg 1 55 5 130 170
57_925_1702947074.9902947.jpg 1 40 20 145 150
58_946_1702947075.2921717.jpg 1 40 25 135 155
59_1137_1702947075.6326756.jpg 1 35 30 140 150
5_427_1702947057.3047547.jpg 1 65 25 155 135
60_722_1702947075.9701684.jpg 1 40 25 115 160
61_515_1702947076.3078513.jpg 1 35 50 150 145
62_753_1702947076.6443841.jpg 1 45 60 125 140
63_434_1702947076.9827797.jpg 1 60 55 115 125
64_633_1702947077.3226118.jpg 1 50 70 125 120
6_878_1702947057.6151266.jpg 1 70 35 135 155
70_527_1702947079.655953.jpg 1 50 75 140 120
71_417_1702947080.3316915.jpg 1 20 25 170 170
72_600_1702947080.635587.jpg 1 20 25 145 165
73_483_1702947080.9746773.jpg 1 35 45 120 155
74_395_1702947081.3120065.jpg 1 10 50 145 170
75_475_1702947081.6487553.jpg 1 20 35 140 155
76_711_1702947081.990162.jpg 1 30 15 130 160
77_677_1702947082.3286703.jpg 1 40 20 120 170
78_718_1702947082.6665874.jpg 1 40 30 125 145
79_660_1702947082.9703865.jpg 1 40 20 125 155
7_779_1702947057.9449098.jpg 1 40 20 125 155
81_561_1702947083.6455882.jpg 1 40 20 150 145
82_286_1702947083.983936.jpg 1 75 0 100 165
83_522_1702947084.3214424.jpg 1 80 15 95 150
8_1151_1702947058.2854664.jpg 1 80 15 105 165
91_823_1702947087.3318975.jpg 1 30 60 130 155
92_518_1702947087.6677709.jpg 1 40 60 100 150
93_796_1702947087.9750068.jpg 1 30 65 110 145
94_502_1702947088.3122783.jpg 1 35 70 130 140
98_580_1702947090.0056162.jpg 1 65 45 95 150
99_872_1702947090.4111283.jpg 1 50 25 90 155
9_825_1702947058.621923.jpg 1 90 20 105 160