E:\sugar\sugar\100_443_1702949768.095945.jpg 1 64 48 84 105
E:\sugar\sugar\101_616_1702949768.400781.jpg 1 64 52 89 104
E:\sugar\sugar\102_473_1702949768.738415.jpg 1 62 61 94 87
E:\sugar\sugar\103_746_1702949769.078276.jpg 1 49 54 104 93
E:\sugar\sugar\104_319_1702949769.415629.jpg 1 55 53 98 92
E:\sugar\sugar\105_459_1702949769.7540634.jpg 1 65 41 91 102
E:\sugar\sugar\106_424_1702949770.092035.jpg 1 79 42 77 105
E:\sugar\sugar\107_500_1702949770.4301229.jpg 1 81 41 86 112
E:\sugar\sugar\108_424_1702949770.768017.jpg 1 91 44 75 124
E:\sugar\sugar\109_278_1702949771.0721266.jpg 1 99 41 79 121
E:\sugar\sugar\110_338_1702949771.4098494.jpg 1 115 49 66 125
E:\sugar\sugar\111_526_1702949771.7473736.jpg 1 112 50 55 133
E:\sugar\sugar\112_495_1702949772.0855644.jpg 1 113 59 52 128
E:\sugar\sugar\113_634_1702949772.4237957.jpg 1 107 47 58 135
E:\sugar\sugar\114_771_1702949772.761812.jpg 1 102 50 66 143
E:\sugar\sugar\115_604_1702949773.0995917.jpg 1 86 82 94 92
E:\sugar\sugar\116_598_1702949773.4373126.jpg 1 74 94 107 85
E:\sugar\sugar\117_609_1702949773.7428083.jpg 1 83 85 83 99
E:\sugar\sugar\118_560_1702949774.0812445.jpg 1 79 87 97 83
E:\sugar\sugar\119_699_1702949774.41983.jpg 1 75 88 97 92
E:\sugar\sugar\11_622_1702949730.5586603.jpg 1 68 62 129 102
E:\sugar\sugar\120_657_1702949774.7572098.jpg 1 75 86 99 86
E:\sugar\sugar\121_714_1702949775.0945804.jpg 1 72 84 102 91
E:\sugar\sugar\128_886_1702949779.0848153.jpg 1 73 52 89 113
E:\sugar\sugar\12_618_1702949730.8636456.jpg 1 71 63 124 108
E:\sugar\sugar\130_755_1702949779.7630303.jpg 1 92 67 86 104
E:\sugar\sugar\131_510_1702949780.0996733.jpg 1 92 66 91 98
E:\sugar\sugar\132_1086_1702949780.437586.jpg 1 92 66 91 98
E:\sugar\sugar\133_797_1702949780.7766278.jpg 1 97 66 85 100
E:\sugar\sugar\134_437_1702949781.080987.jpg 1 82 68 100 98
E:\sugar\sugar\135_776_1702949781.4188125.jpg 1 82 68 102 83
E:\sugar\sugar\136_911_1702949781.756617.jpg 1 87 87 97 66
E:\sugar\sugar\137_857_1702949782.095435.jpg 1 84 89 99 74
E:\sugar\sugar\138_870_1702949782.4333107.jpg 1 98 79 68 93
E:\sugar\sugar\139_805_1702949782.7705834.jpg 1 90 66 85 105
E:\sugar\sugar\13_988_1702949731.200351.jpg 1 74 55 102 112
E:\sugar\sugar\140_586_1702949783.1091034.jpg 1 85 63 79 100
E:\sugar\sugar\141_677_1702949783.4477472.jpg 1 88 54 62 128
E:\sugar\sugar\142_438_1702949783.7528226.jpg 1 106 60 53 118
E:\sugar\sugar\143_870_1702949784.0901625.jpg 1 106 66 69 121
E:\sugar\sugar\144_900_1702949784.4303007.jpg 2 88 69 76 118 88 69 76 118
E:\sugar\sugar\145_360_1702949784.7692795.jpg 1 95 66 68 114
E:\sugar\sugar\146_577_1702949785.1070783.jpg 1 104 49 62 128
E:\sugar\sugar\147_874_1702949785.4447837.jpg 1 116 57 55 136
E:\sugar\sugar\148_836_1702949785.7822452.jpg 1 121 51 51 138
E:\sugar\sugar\149_1015_1702949786.086809.jpg 1 104 73 88 99
E:\sugar\sugar\14_912_1702949731.5399725.jpg 1 63 61 129 108
E:\sugar\sugar\150_994_1702949786.4256828.jpg 1 94 68 98 97
E:\sugar\sugar\151_815_1702949786.764536.jpg 1 82 82 104 93
E:\sugar\sugar\152_515_1702949787.1032999.jpg 1 69 83 111 82
E:\sugar\sugar\153_793_1702949787.441767.jpg 1 66 80 96 100
E:\sugar\sugar\154_954_1702949787.7801435.jpg 1 70 82 90 89
E:\sugar\sugar\155_785_1702949788.1180148.jpg 1 70 93 91 78
E:\sugar\sugar\156_908_1702949788.422886.jpg 1 69 99 94 80
E:\sugar\sugar\157_802_1702949788.760326.jpg 1 61 103 108 81
E:\sugar\sugar\158_894_1702949789.098074.jpg 1 60 80 95 109
E:\sugar\sugar\159_985_1702949789.4369035.jpg 1 68 81 78 122
E:\sugar\sugar\15_841_1702949731.8792276.jpg 1 67 57 119 121
E:\sugar\sugar\160_729_1702949789.7739003.jpg 1 73 84 75 125
E:\sugar\sugar\16_515_1702949732.2187839.jpg 1 69 61 123 128
E:\sugar\sugar\172_761_1702949793.7635984.jpg 1 86 55 79 87
E:\sugar\sugar\174_572_1702949794.4397.jpg 1 84 53 86 89
E:\sugar\sugar\177_663_1702949796.0954435.jpg 1 78 28 75 137
E:\sugar\sugar\178_827_1702949796.433213.jpg 1 64 37 76 128
E:\sugar\sugar\179_453_1702949796.7709076.jpg 1 68 72 84 113
E:\sugar\sugar\17_938_1702949732.5562706.jpg 1 71 43 109 144
E:\sugar\sugar\180_606_1702949797.108118.jpg 1 69 56 96 105
E:\sugar\sugar\181_746_1702949797.4459321.jpg 1 71 61 93 93
E:\sugar\sugar\182_818_1702949797.7850797.jpg 1 67 46 90 107
E:\sugar\sugar\183_588_1702949798.1244824.jpg 1 74 39 90 102
E:\sugar\sugar\184_732_1702949798.4623773.jpg 1 71 22 94 119
E:\sugar\sugar\185_1051_1702949798.7663088.jpg 1 84 10 75 115
E:\sugar\sugar\186_925_1702949799.103586.jpg 1 84 10 70 110
E:\sugar\sugar\187_836_1702949799.441314.jpg 84 10 70 110
E:\sugar\sugar\188_1047_1702949799.7790005.jpg 1 133 81 24 49
E:\sugar\sugar\189_1122_1702949800.1163301.jpg 1 133 81 24 49
E:\sugar\sugar\18_699_1702949732.892988.jpg 1 168 175 27 6
E:\sugar\sugar\190_893_1702949800.4549377.jpg 1 70 15 98 166
E:\sugar\sugar\191_820_1702949800.7923079.jpg 1 58 15 97 127
E:\sugar\sugar\192_896_1702949801.127915.jpg 1 59 28 98 115
E:\sugar\sugar\193_772_1702949801.433458.jpg 1 50 39 105 94
E:\sugar\sugar\194_868_1702949801.771623.jpg 1 58 51 99 89
E:\sugar\sugar\195_747_1702949802.1091843.jpg 1 58 51 111 74
E:\sugar\sugar\196_611_1702949802.4475648.jpg 1 78 54 91 71
E:\sugar\sugar\199_694_1702949803.4614697.jpg 1 79 57 78 95
E:\sugar\sugar\19_825_1702949733.230284.jpg 1 65 39 103 137
E:\sugar\sugar\200_613_1702949803.7998917.jpg 1 70 73 85 96
E:\sugar\sugar\201_602_1702949804.1054702.jpg 1 64 80 82 103
E:\sugar\sugar\202_299_1702949804.4432814.jpg 1 56 55 90 100
E:\sugar\sugar\203_714_1702949804.7824793.jpg 1 50 49 109 99
E:\sugar\sugar\205_688_1702949805.457351.jpg 1 72 43 101 104
E:\sugar\sugar\206_701_1702949805.7943509.jpg 1 72 60 114 87
E:\sugar\sugar\207_522_1702949806.1341965.jpg 1 80 78 99 73
E:\sugar\sugar\208_635_1702949806.4391513.jpg 1 82 70 95 107
E:\sugar\sugar\209_722_1702949806.7773476.jpg 1 77 68 90 106
E:\sugar\sugar\216_809_1702949809.7861366.jpg 1 86 101 70 114
E:\sugar\sugar\21_600_1702949733.8716552.jpg 1 52 43 118 152
E:\sugar\sugar\224_445_1702949813.1341493.jpg 1 103 118 81 118
E:\sugar\sugar\227_643_1702949814.1150534.jpg 1 96 75 83 109
E:\sugar\sugar\228_993_1702949814.4537935.jpg 1 99 65 71 116
E:\sugar\sugar\229_790_1702949814.7920718.jpg 1 84 64 83 117
E:\sugar\sugar\22_441_1702949734.210001.jpg 1 51 55 96 144
E:\sugar\sugar\230_925_1702949815.1294749.jpg 1 89 71 80 105
E:\sugar\sugar\234_951_1702949816.449234.jpg 1 101 80 81 130
E:\sugar\sugar\241_765_1702949819.0839384.jpg 1 84 38 72 100
E:\sugar\sugar\242_760_1702949819.4214842.jpg 1 80 35 81 107
E:\sugar\sugar\243_955_1702949819.7590125.jpg 1 72 43 89 99
E:\sugar\sugar\244_819_1702949820.0988877.jpg 1 79 47 81 99
E:\sugar\sugar\245_896_1702949820.436225.jpg 1 81 44 79 108
E:\sugar\sugar\246_533_1702949820.7754717.jpg 1 81 40 79 115
E:\sugar\sugar\247_728_1702949821.1121545.jpg 1 87 41 64 125
E:\sugar\sugar\248_479_1702949821.4500484.jpg 1 94 58 65 128
E:\sugar\sugar\249_699_1702949821.753718.jpg 1 96 53 57 131
E:\sugar\sugar\24_798_1702949734.8852544.jpg 1 66 52 94 116
E:\sugar\sugar\250_663_1702949822.0926108.jpg 1 90 65 67 108
E:\sugar\sugar\251_888_1702949822.4300067.jpg 1 94 56 66 119
E:\sugar\sugar\252_585_1702949822.7691228.jpg 1 95 52 75 125
E:\sugar\sugar\253_475_1702949823.1060286.jpg 1 85 45 82 111
E:\sugar\sugar\254_768_1702949823.4425325.jpg 1 89 33 86 107
E:\sugar\sugar\255_886_1702949823.784304.jpg 1 74 48 96 97
E:\sugar\sugar\256_725_1702949824.698005.jpg 1 67 67 99 82
E:\sugar\sugar\257_415_1702949825.0352454.jpg 1 50 77 103 72
E:\sugar\sugar\258_528_1702949825.374138.jpg 1 41 86 107 79
E:\sugar\sugar\259_905_1702949825.711195.jpg 1 50 69 92 94
E:\sugar\sugar\25_707_1702949735.3264675.jpg 1 74 54 95 112
E:\sugar\sugar\260_714_1702949826.0523171.jpg 1 40 70 107 76
E:\sugar\sugar\261_621_1702949826.3881435.jpg 1 55 59 88 79
E:\sugar\sugar\262_654_1702949826.691008.jpg 1 61 38 86 99
E:\sugar\sugar\263_643_1702949827.0281885.jpg 1 70 34 81 110
E:\sugar\sugar\265_497_1702949828.3807728.jpg 1 109 32 89 112
E:\sugar\sugar\266_614_1702949828.7175806.jpg 1 104 33 78 132
E:\sugar\sugar\267_711_1702949829.0574994.jpg 1 94 52 86 112
E:\sugar\sugar\268_722_1702949829.3629124.jpg 1 88 61 73 93
E:\sugar\sugar\269_405_1702949829.700346.jpg 1 83 62 78 101
E:\sugar\sugar\26_676_1702949735.6641495.jpg 1 75 46 104 105
E:\sugar\sugar\270_909_1702949830.037363.jpg 1 75 66 89 95
E:\sugar\sugar\271_665_1702949830.3758852.jpg 1 63 70 96 89
E:\sugar\sugar\272_860_1702949830.712946.jpg 1 71 68 96 87
E:\sugar\sugar\273_876_1702949831.053323.jpg 1 75 75 91 76
E:\sugar\sugar\274_743_1702949831.3891053.jpg 1 62 64 100 75
E:\sugar\sugar\27_675_1702949735.968115.jpg 1 73 50 121 88
E:\sugar\sugar\281_592_1702949833.825528.jpg 1 113 74 56 134
E:\sugar\sugar\282_716_1702949834.1624267.jpg 1 100 66 63 125
E:\sugar\sugar\286_765_1702949835.4815917.jpg 1 52 44 87 115
E:\sugar\sugar\288_711_1702949836.157357.jpg 1 68 66 85 100
E:\sugar\sugar\289_752_1702949836.4952297.jpg 1 73 76 83 90
E:\sugar\sugar\28_692_1702949736.3053086.jpg 1 69 56 117 91
E:\sugar\sugar\290_750_1702949836.8340278.jpg 1 80 77 80 90
E:\sugar\sugar\29_820_1702949736.643016.jpg 1 76 50 96 104
E:\sugar\sugar\301_705_1702949841.2282271.jpg 1 98 48 66 125
E:\sugar\sugar\303_572_1702949841.9047809.jpg 1 68 53 78 111
E:\sugar\sugar\308_629_1702949843.5612745.jpg 1 82 90 85 95
E:\sugar\sugar\309_711_1702949843.8978972.jpg 1 77 84 90 86
E:\sugar\sugar\310_562_1702949844.2402956.jpg 1 78 80 90 84
E:\sugar\sugar\311_738_1702949844.5485704.jpg 1 77 83 90 82
E:\sugar\sugar\312_587_1702949844.8804471.jpg 1 69 83 97 78
E:\sugar\sugar\313_803_1702949845.2176833.jpg 1 68 86 103 72
E:\sugar\sugar\319_986_1702949847.2132218.jpg 1 72 85 74 107
E:\sugar\sugar\31_419_1702949737.3197625.jpg 1 73 27 94 119
E:\sugar\sugar\32_450_1702949737.6572363.jpg 1 86 2 73 139
E:\sugar\sugar\33_644_1702949737.9969654.jpg 1 77 3 80 146
E:\sugar\sugar\34_436_1702949738.3348808.jpg 1 88 28 80 134
E:\sugar\sugar\35_399_1702949738.6391387.jpg 1 88 29 71 142
E:\sugar\sugar\36_622_1702949738.9747875.jpg 1 93 36 68 148
E:\sugar\sugar\37_781_1702949739.3119452.jpg 1 96 31 58 160
E:\sugar\sugar\39_466_1702949739.9898326.jpg 1 93 3 89 119
E:\sugar\sugar\40_518_1702949740.3255775.jpg 1 76 2 104 124
E:\sugar\sugar\41_440_1702949740.6654902.jpg 1 92 42 92 105
E:\sugar\sugar\42_566_1702949741.0035157.jpg 1 100 50 84 110
E:\sugar\sugar\43_560_1702949741.3095412.jpg 1 94 62 97 102
E:\sugar\sugar\44_385_1702949741.648247.jpg 1 97 74 99 96
E:\sugar\sugar\45_399_1702949741.98622.jpg 1 77 77 110 82
E:\sugar\sugar\46_575_1702949742.3245714.jpg 1 68 89 118 75
E:\sugar\sugar\47_632_1702949742.6622446.jpg 1 65 90 110 82
E:\sugar\sugar\48_338_1702949742.9994738.jpg 1 80 89 77 107
E:\sugar\sugar\49_349_1702949743.642435.jpg 1 69 80 80 89
E:\sugar\sugar\50_598_1702949743.979815.jpg 1 71 72 74 119
E:\sugar\sugar\51_436_1702949744.3179326.jpg 1 86 60 73 109
E:\sugar\sugar\55_447_1702949745.6728761.jpg 1 89 70 78 126
E:\sugar\sugar\56_549_1702949745.9781885.jpg 1 87 64 80 133
E:\sugar\sugar\57_595_1702949746.3176003.jpg 1 87 65 75 120
E:\sugar\sugar\58_549_1702949746.6553726.jpg 1 78 54 85 127
E:\sugar\sugar\59_436_1702949746.9916406.jpg 1 81 36 76 135
E:\sugar\sugar\60_541_1702949747.3314822.jpg 1 56 24 84 126
E:\sugar\sugar\63_460_1702949748.6482084.jpg 1 70 80 94 90
E:\sugar\sugar\66_672_1702949749.6610322.jpg 1 58 59 97 80
E:\sugar\sugar\67_654_1702949749.9992893.jpg 1 51 62 104 82
E:\sugar\sugar\68_589_1702949750.3347116.jpg 1 57 63 98 72
E:\sugar\sugar\69_604_1702949750.6744478.jpg 1 52 63 93 86
E:\sugar\sugar\7_519_1702949729.2073755.jpg 1 77 18 109 90
E:\sugar\sugar\87_812_1702949763.7316859.jpg 1 63 38 95 130
E:\sugar\sugar\88_855_1702949764.0693557.jpg 1 57 41 102 120
E:\sugar\sugar\90_532_1702949764.7482438.jpg 1 80 61 64 137
E:\sugar\sugar\91_498_1702949765.0862.jpg 1 86 64 60 145
E:\sugar\sugar\92_377_1702949765.4234896.jpg 1 92 61 69 147
E:\sugar\sugar\93_496_1702949765.7382684.jpg 1 91 74 83 130
E:\sugar\sugar\94_663_1702949766.068787.jpg 1 86 61 80 120
E:\sugar\sugar\95_655_1702949766.4059896.jpg 1 76 55 87 123
E:\sugar\sugar\96_545_1702949766.743367.jpg 1 156 41 7 137
E:\sugar\sugar\97_716_1702949767.0828729.jpg 1 91 41 65 141
E:\sugar\sugar\98_594_1702949767.4207883.jpg 1 65 39 105 113
E:\sugar\sugar\99_518_1702949767.759196.jpg 1 59 42 100 100
E:\sugar\sugar\9_487_1702949729.8808274.jpg 1 48 35 125 104
