E:\zaza\zaza\105_606_1702948289.639234.jpg 1 64 64 131 99
E:\zaza\zaza\106_745_1702948289.979425.jpg 1 72 56 121 127
E:\zaza\zaza\107_842_1702948290.520842.jpg 1 72 42 117 159
E:\zaza\zaza\108_875_1702948290.8605084.jpg 1 89 41 91 159
E:\zaza\zaza\109_429_1702948291.1643498.jpg 1 80 30 114 146
E:\zaza\zaza\10_1114_1702948205.4172924.jpg 3 67 54 1 1 67 54 1 1 67 54 150 98
E:\zaza\zaza\110_462_1702948291.5023525.jpg 1 72 42 132 109
E:\zaza\zaza\112_569_1702948292.1795454.jpg 1 86 74 125 96
E:\zaza\zaza\113_613_1702948292.5182076.jpg 1 83 76 125 117
E:\zaza\zaza\117_465_1702948293.835619.jpg 1 83 21 47 171
E:\zaza\zaza\119_434_1702948294.512865.jpg 1 80 42 58 153
E:\zaza\zaza\120_540_1702948294.850478.jpg 1 72 31 79 150
E:\zaza\zaza\121_587_1702948295.188214.jpg 1 68 29 87 143
E:\zaza\zaza\122_428_1702948295.5253174.jpg 1 62 23 100 143
E:\zaza\zaza\123_739_1702948295.8645325.jpg 1 80 33 105 135
E:\zaza\zaza\124_704_1702948296.1685975.jpg 1 82 27 109 128
E:\zaza\zaza\125_608_1702948296.5073867.jpg 1 77 24 103 134
E:\zaza\zaza\126_303_1702948296.8457391.jpg 1 82 1 95 143
E:\zaza\zaza\129_487_1702948297.8603182.jpg 1 80 22 56 153
E:\zaza\zaza\130_409_1702948298.2009282.jpg 1 68 58 73 145
E:\zaza\zaza\132_525_1702948300.1947358.jpg 1 92 51 109 82
E:\zaza\zaza\133_605_1702948300.5363522.jpg 1 80 57 108 72
E:\zaza\zaza\136_750_1702948301.5150049.jpg 1 60 81 119 49
E:\zaza\zaza\141_630_1702948303.8500676.jpg 1 112 25 68 142
E:\zaza\zaza\147_635_1702948305.8449483.jpg 1 97 105 112 70
E:\zaza\zaza\148_527_1702948306.183658.jpg 1 97 105 111 52
E:\zaza\zaza\149_603_1702948306.722076.jpg 1 74 88 117 62
E:\zaza\zaza\150_641_1702948307.0612302.jpg 1 75 76 116 69
E:\zaza\zaza\151_543_1702948307.3968756.jpg 1 71 90 112 57
E:\zaza\zaza\152_461_1702948307.7352715.jpg 1 72 81 112 44
E:\zaza\zaza\153_579_1702948308.0747025.jpg 1 74 52 105 67
E:\zaza\zaza\154_531_1702948308.3847067.jpg 1 75 52 99 75
E:\zaza\zaza\155_498_1702948308.7165015.jpg 1 69 54 92 98
E:\zaza\zaza\156_272_1702948309.0548806.jpg 1 80 39 81 111
E:\zaza\zaza\157_489_1702948309.3932192.jpg 1 107 22 58 126
E:\zaza\zaza\158_429_1702948309.7311442.jpg 1 117 20 46 145
E:\zaza\zaza\159_334_1702948310.0707016.jpg 1 119 27 38 145
E:\zaza\zaza\15_594_1702948207.2076623.jpg 1 50 78 168 94
E:\zaza\zaza\163_912_1702948311.3876674.jpg 1 83 15 83 139
E:\zaza\zaza\165_863_1702948312.06409.jpg 1 60 49 100 134
E:\zaza\zaza\166_893_1702948312.4022653.jpg 1 64 47 104 133
E:\zaza\zaza\167_817_1702948312.7380788.jpg 1 68 50 104 128
E:\zaza\zaza\16_897_1702948207.5136054.jpg 1 33 57 155 83
E:\zaza\zaza\171_265_1702948314.0602562.jpg 1 128 60 56 153
E:\zaza\zaza\175_523_1702948315.4135349.jpg 1 84 128 120 51
E:\zaza\zaza\176_394_1702948315.7518318.jpg 1 79 83 119 76
E:\zaza\zaza\177_633_1702948316.0555606.jpg 1 101 71 115 101
E:\zaza\zaza\179_628_1702948316.9318824.jpg 1 98 47 81 143
E:\zaza\zaza\184_667_1702948318.9290752.jpg 1 104 23 56 152
E:\zaza\zaza\185_561_1702948319.2686393.jpg 1 99 15 69 147
E:\zaza\zaza\186_475_1702948319.60581.jpg 1 90 18 77 149
E:\zaza\zaza\187_624_1702948319.9461305.jpg 1 79 20 90 142
E:\zaza\zaza\18_920_1702948208.1914911.jpg 1 56 108 153 76
E:\zaza\zaza\190_566_1702948320.9251192.jpg 1 65 54 106 103
E:\zaza\zaza\192_396_1702948321.5987024.jpg 1 51 88 113 79
E:\zaza\zaza\194_409_1702948322.2771406.jpg 1 63 57 118 85
E:\zaza\zaza\195_423_1702948322.6168358.jpg 1 60 70 122 63
E:\zaza\zaza\197_437_1702948323.292921.jpg 1 70 58 109 89
E:\zaza\zaza\19_837_1702948208.532057.jpg 1 54 108 162 81
E:\zaza\zaza\200_611_1702948324.2723074.jpg 1 75 21 94 146
E:\zaza\zaza\201_458_1702948324.6079693.jpg 1 82 35 69 158
E:\zaza\zaza\202_616_1702948324.9481673.jpg 1 88 45 57 159
E:\zaza\zaza\206_509_1702948326.2676032.jpg 1 79 19 110 124
E:\zaza\zaza\21_966_1702948209.2074234.jpg 1 57 87 151 76
E:\zaza\zaza\237_803_1702948341.623438.jpg 1 44 77 116 121
E:\zaza\zaza\25_871_1702948210.5251737.jpg 1 48 64 163 80
E:\zaza\zaza\261_808_1702948351.970064.jpg 1 48 64 150 65
E:\zaza\zaza\262_1117_1702948352.308045.jpg 1 42 70 165 74
E:\zaza\zaza\263_952_1702948352.6458004.jpg 1 42 70 159 73
E:\zaza\zaza\264_846_1702948352.9837437.jpg 1 34 71 157 118
E:\zaza\zaza\265_863_1702948353.3218944.jpg 1 48 49 145 139
E:\zaza\zaza\266_760_1702948353.6258466.jpg 1 46 15 141 184
E:\zaza\zaza\267_708_1702948353.962191.jpg 1 61 15 126 191
E:\zaza\zaza\269_776_1702948354.6395223.jpg 1 80 38 46 209
E:\zaza\zaza\26_932_1702948210.860983.jpg 1 48 59 158 81
E:\zaza\zaza\271_426_1702948355.314566.jpg 1 54 92 82 163
E:\zaza\zaza\273_671_1702948356.6312613.jpg 1 31 42 108 192
E:\zaza\zaza\275_720_1702948357.3071973.jpg 1 12 7 122 194
E:\zaza\zaza\277_670_1702948357.984263.jpg 1 13 59 146 168
E:\zaza\zaza\27_854_1702948211.2014115.jpg 1 47 46 158 105
E:\zaza\zaza\282_650_1702948359.6406796.jpg 1 18 92 154 95
E:\zaza\zaza\286_833_1702948360.9957058.jpg 1 25 126 160 129
E:\zaza\zaza\287_598_1702948361.2991416.jpg 1 25 141 164 114
E:\zaza\zaza\28_957_1702948211.5397356.jpg 1 47 32 150 127
E:\zaza\zaza\291_1181_1702948362.9560208.jpg 1 34 103 160 100
E:\zaza\zaza\292_1201_1702948363.2951972.jpg 1 37 106 168 85
E:\zaza\zaza\294_762_1702948363.9367144.jpg 1 60 124 145 98
E:\zaza\zaza\296_547_1702948364.6135085.jpg 1 64 56 70 182
E:\zaza\zaza\297_349_1702948364.9544873.jpg 1 57 30 58 177
E:\zaza\zaza\29_669_1702948211.8756218.jpg 1 48 24 152 141
E:\zaza\zaza\301_648_1702948366.3751948.jpg 1 36 12 82 191
E:\zaza\zaza\302_934_1702948366.7121792.jpg 1 40 6 75 199
E:\zaza\zaza\304_322_1702948367.3867397.jpg 1 92 19 68 195
E:\zaza\zaza\308_626_1702948370.059718.jpg 1 113 39 94 185
E:\zaza\zaza\30_1006_1702948212.2140274.jpg 1 57 32 147 155
E:\zaza\zaza\310_502_1702948370.737632.jpg 1 114 60 118 169
E:\zaza\zaza\311_432_1702948371.0426035.jpg 1 91 61 133 152
E:\zaza\zaza\316_325_1702948372.7326818.jpg 1 87 79 108 137
E:\zaza\zaza\31_1051_1702948212.5191643.jpg 1 53 23 143 170
E:\zaza\zaza\327_335_1702948380.408131.jpg 1 53 62 159 131
E:\zaza\zaza\329_425_1702948381.0843766.jpg 1 104 84 94 122
E:\zaza\zaza\32_799_1702948212.8580272.jpg 1 58 16 123 186
E:\zaza\zaza\330_597_1702948381.7267454.jpg 1 78 118 109 97
E:\zaza\zaza\331_589_1702948382.0641828.jpg 1 83 123 106 93
E:\zaza\zaza\33_888_1702948213.1961648.jpg 1 72 3 97 186
E:\zaza\zaza\35_664_1702948213.8715384.jpg 1 89 35 64 190
E:\zaza\zaza\37_748_1702948214.5462134.jpg 1 97 71 67 173
E:\zaza\zaza\38_542_1702948214.850137.jpg 1 91 30 65 179
E:\zaza\zaza\39_608_1702948215.190333.jpg 1 79 4 67 192
E:\zaza\zaza\40_550_1702948215.530143.jpg 1 84 2 59 181
E:\zaza\zaza\42_690_1702948216.204819.jpg 1 95 3 67 166
E:\zaza\zaza\44_795_1702948216.883202.jpg 1 92 19 111 150
E:\zaza\zaza\46_667_1702948217.524102.jpg 1 84 58 125 100
E:\zaza\zaza\47_573_1702948217.8629055.jpg 2 90 74 125 86 90 74 125 86
E:\zaza\zaza\48_519_1702948218.2002685.jpg 1 84 91 125 58
E:\zaza\zaza\49_595_1702948218.5363982.jpg 1 90 95 133 51
E:\zaza\zaza\50_550_1702948218.8742628.jpg 1 90 84 126 87
E:\zaza\zaza\51_529_1702948219.2148557.jpg 1 92 59 112 115
E:\zaza\zaza\53_521_1702948219.8904681.jpg 1 88 41 84 148
E:\zaza\zaza\54_527_1702948220.1941953.jpg 1 90 39 89 147
E:\zaza\zaza\55_420_1702948220.5316267.jpg 1 98 41 62 151
E:\zaza\zaza\59_1167_1702948273.9618142.jpg 1 68 86 163 90
E:\zaza\zaza\60_1133_1702948274.299744.jpg 1 71 92 165 84
E:\zaza\zaza\65_737_1702948275.955454.jpg 1 53 130 165 75
E:\zaza\zaza\66_748_1702948276.2927935.jpg 1 56 124 143 93
E:\zaza\zaza\67_786_1702948276.6311123.jpg 1 68 96 128 128
E:\zaza\zaza\68_945_1702948276.9702015.jpg 1 64 74 119 151
E:\zaza\zaza\69_861_1702948277.308106.jpg 1 59 59 112 162
E:\zaza\zaza\83_738_1702948281.9694045.jpg 1 94 9 64 185
E:\zaza\zaza\86_635_1702948282.9809554.jpg 1 94 9 55 177
E:\zaza\zaza\87_510_1702948283.285886.jpg 1 82 4 67 182
E:\zaza\zaza\8_723_1702948204.7470365.jpg 1 0 97 169 62
E:\zaza\zaza\93_496_1702948285.3138428.jpg 1 97 13 76 186
E:\zaza\zaza\97_658_1702948286.9721558.jpg 1 46 36 125 145
